1 994
0 
0.909297 
-0.756802 
-0.279415 
0.989358 
-0.544021 
-0.536573 
0.990607 
-0.287903 
-0.750987 
0.912945 
-0.00885131 
-0.905578 
0.762558 
0.270906 
-0.988032 
0.551427 
0.529083 
-0.991779 
0.296369 
0.745113 
-0.916522 
0.0177019 
0.901788 
-0.768255 
-0.262375 
0.986628 
-0.558789 
-0.521551 
0.992873 
-0.304811 
-0.739181 
0.920026 
-0.0265512 
-0.897928 
0.773891 
0.253823 
-0.985146 
0.566108 
0.513978 
-0.993889 
0.313229 
0.73319 
-0.923458 
0.0353983 
0.893997 
-0.779466 
-0.245252 
0.983588 
-0.573382 
-0.506366 
0.994827 
-0.321622 
-0.727143 
0.926819 
-0.0442427 
-0.889996 
0.78498 
0.236661 
-0.981952 
0.580611 
0.498713 
-0.995687 
0.329991 
0.721038 
-0.930106 
0.0530836 
0.885925 
-0.790433 
-0.228052 
0.98024 
-0.587795 
-0.491022 
0.996469 
-0.338333 
-0.714876 
0.933321 
-0.0619203 
-0.881785 
0.795824 
0.219425 
-0.97845 
0.594933 
0.483292 
-0.997173 
0.346649 
0.708659 
-0.936462 
0.0707522 
0.877575 
-0.801153 
-0.210781 
0.976584 
-0.602024 
-0.475524 
0.997799 
-0.354938 
-0.702386 
0.93953 
-0.0795786 
-0.873297 
0.806418 
0.20212 
-0.974642 
0.609068 
0.467719 
-0.998347 
0.363199 
0.696058 
-0.942525 
0.0883987 
0.868951 
-0.811621 
-0.193444 
0.972623 
-0.616064 
-0.459877 
0.998817 
-0.371432 
-0.689676 
0.945445 
-0.0972119 
-0.864536 
0.81676 
0.184752 
-0.970528 
0.623012 
0.451999 
-0.999208 
0.379636 
0.68324 
-0.948292 
0.106017 
0.860054 
-0.821835 
-0.176046 
0.968357 
-0.629911 
-0.444086 
0.999521 
-0.387809 
-0.67675 
0.951064 
-0.114815 
-0.855504 
0.826846 
0.167326 
-0.96611 
0.636761 
0.436138 
-0.999756 
0.395953 
0.670207 
-0.953762 
0.123603 
0.850888 
-0.831791 
-0.158593 
0.963787 
-0.643561 
-0.428155 
0.999912 
-0.404065 
-0.663611 
0.956385 
-0.132382 
-0.846204 
0.836672 
0.149847 
-0.961389 
0.650311 
0.42014 
-0.99999 
0.412146 
0.656964 
-0.958933 
0.14115 
0.841455 
-0.841487 
-0.14109 
0.958916 
-0.657009 
-0.412091 
0.99999 
-0.420194 
-0.650265 
0.961406 
-0.149907 
-0.836639 
0.846236 
0.132322 
-0.956367 
0.663656 
0.40401 
-0.999911 
0.42821 
0.643515 
-0.963803 
0.158652 
0.831758 
-0.850919 
-0.123543 
0.953744 
-0.670252 
-0.395897 
0.999755 
-0.436192 
-0.636715 
0.966126 
-0.167385 
-0.826812 
0.855536 
0.114755 
-0.951045 
0.676794 
0.387754 
-0.999519 
0.44414 
0.629865 
-0.968372 
0.176105 
0.821801 
-0.860085 
-0.105958 
0.948273 
-0.683284 
-0.37958 
0.999206 
-0.452053 
-0.622965 
0.970543 
-0.184811 
-0.816725 
0.864567 
0.0971519 
-0.945426 
0.68972 
0.371376 
-0.998814 
0.45993 
0.616017 
-0.972637 
0.193503 
0.811586 
-0.868981 
-0.0883387 
0.942504 
-0.696102 
-0.363143 
0.998344 
-0.467772 
-0.60902 
0.974655 
-0.202179 
-0.806383 
0.873327 
0.0795185 
-0.939509 
0.702429 
0.354882 
-0.997795 
0.475577 
0.601976 
-0.976597 
0.21084 
0.801117 
-0.877604 
-0.0706921 
0.936441 
-0.708702 
-0.346593 
0.997169 
-0.483344 
-0.594884 
0.978463 
-0.219484 
-0.795788 
0.881813 
0.0618602 
-0.933299 
0.714919 
0.338277 
-0.996464 
0.491074 
0.587746 
-0.980252 
0.228111 
0.790396 
-0.885953 
-0.0530234 
0.930084 
-0.721079 
-0.329934 
0.995681 
-0.498765 
-0.580562 
0.981964 
-0.23672 
-0.784943 
0.890023 
0.0441824 
-0.926796 
0.727184 
0.321565 
-0.994821 
0.506418 
0.573332 
-0.983599 
0.24531 
0.779428 
-0.894024 
-0.0353381 
0.923435 
-0.733231 
-0.313172 
0.993882 
-0.51403 
-0.566058 
0.985157 
-0.253882 
-0.773852 
0.897954 
0.0264909 
-0.920002 
0.739221 
0.304753 
-0.992865 
0.521602 
0.558739 
-0.986637 
0.262433 
0.768216 
-0.901814 
-0.0176416 
0.916497 
-0.745153 
-0.296311 
0.991771 
-0.529134 
-0.551376 
0.988041 
-0.270964 
-0.762519 
0.905604 
0.00879102 
-0.912921 
0.751027 
0.287846 
-0.990599 
0.536624 
0.543971 
-0.989367 
0.279473 
0.756763 
-0.909323 
6.02887e-05 
0.909272 
-0.756842 
-0.279358 
0.989349 
-0.544072 
-0.536522 
0.990616 
-0.287961 
-0.750947 
0.91297 
-0.0089116 
-0.905553 
0.762597 
0.270848 
-0.988022 
0.551477 
0.529032 
-0.991787 
0.296426 
0.745073 
-0.916546 
0.0177622 
0.901762 
-0.768293 
-0.262317 
0.986618 
-0.558839 
-0.5215 
0.99288 
-0.304868 
-0.73914 
0.92005 
-0.0266114 
-0.897901 
0.773929 
0.253765 
-0.985136 
0.566157 
0.513927 
-0.993895 
0.313286 
0.733149 
-0.923482 
0.0354586 
0.89397 
-0.779504 
-0.245194 
0.983577 
-0.573431 
-0.506314 
0.994833 
-0.321679 
-0.727101 
0.926841 
-0.0443029 
-0.889968 
0.785018 
0.236603 
-0.981941 
0.58066 
0.498661 
-0.995693 
0.330048 
0.720996 
-0.930128 
0.0531438 
0.885897 
-0.79047 
-0.227994 
0.980228 
-0.587844 
-0.490969 
0.996474 
-0.33839 
-0.714834 
0.933342 
-0.0619805 
-0.881756 
0.795861 
0.219366 
-0.978438 
0.594981 
0.483239 
-0.997178 
0.346706 
0.708617 
-0.936483 
0.0708124 
0.877546 
-0.801189 
-0.210722 
0.976571 
-0.602072 
-0.475471 
0.997803 
-0.354995 
-0.702343 
0.939551 
-0.0796387 
-0.873268 
0.806454 
0.202061 
-0.974628 
0.609116 
0.467665 
-0.998351 
0.363256 
0.696015 
-0.942545 
0.0884588 
0.868921 
-0.811656 
-0.193385 
0.972609 
-0.616112 
-0.459823 
0.99882 
-0.371488 
-0.689632 
0.945465 
-0.0972719 
-0.864506 
0.816795 
0.184693 
-0.970513 
0.623059 
0.451945 
-0.99921 
0.379691 
0.683196 
-0.948311 
0.106077 
0.860023 
-0.821869 
-0.175987 
0.968342 
-0.629958 
-0.444032 
0.999523 
-0.387865 
-0.676705 
0.951083 
-0.114875 
-0.855473 
0.82688 
0.167267 
-0.966094 
0.636808 
0.436083 
-0.999757 
0.396008 
0.670162 
-0.95378 
0.123663 
0.850856 
-0.831825 
-0.158533 
0.963771 
-0.643607 
-0.428101 
0.999913 
-0.40412 
-0.663566 
0.956402 
-0.132441 
-0.846172 
0.836705 
0.149788 
-0.961373 
0.650357 
0.420085 
-0.999991 
0.412201 
0.656918 
-0.95895 
0.14121 
0.841422 
-0.84152 
-0.14103 
0.958899 
-0.657055 
-0.412036 
0.99999 
-0.420249 
-0.650219 
0.961422 
-0.149967 
-0.836606 
0.846269 
0.132262 
-0.95635 
0.663702 
0.403955 
-0.999911 
0.428264 
0.643469 
-0.963819 
0.158712 
0.831725 
-0.850951 
-0.123483 
0.953725 
-0.670296 
-0.395842 
0.999753 
-0.436246 
-0.636668 
0.966141 
-0.167445 
-0.826778 
0.855567 
0.114695 
-0.951027 
0.676839 
0.387698 
-0.999517 
0.444194 
0.629818 
-0.968387 
0.176165 
0.821766 
-0.860116 
-0.105898 
0.948253 
-0.683328 
-0.379524 
0.999203 
-0.452106 
-0.622918 
0.970557 
-0.184871 
-0.81669 
0.864597 
0.0970919 
-0.945406 
0.689763 
0.37132 
-0.998811 
0.459984 
0.615969 
-0.972651 
0.193562 
0.811551 
-0.869011 
-0.0882786 
0.942484 
-0.696145 
-0.363087 
0.99834 
-0.467825 
-0.608972 
0.974669 
-0.202238 
-0.806347 
0.873356 
0.0794584 
-0.939489 
0.702472 
0.354826 
-0.997791 
0.47563 
0.601928 
-0.97661 
0.210899 
0.80108 
-0.877633 
-0.070632 
0.93642 
-0.708744 
-0.346536 
0.997164 
-0.483397 
-0.594836 
0.978475 
-0.219543 
-0.795751 
0.881841 
0.0618 
-0.933277 
0.714961 
0.33822 
-0.996459 
0.491127 
0.587697 
-0.980264 
0.22817 
0.790359 
-0.885981 
-0.0529632 
0.930062 
-0.721121 
-0.329877 
0.995676 
-0.498818 
-0.580513 
0.981975 
-0.236779 
-0.784906 
0.890051 
0.0441222 
-0.926773 
0.727225 
0.321508 
-0.994815 
0.50647 
0.573283 
-0.983609 
0.245369 
0.779391 
-0.894051 
-0.0352778 
0.923412 
-0.733272 
-0.313114 
0.993875 
-0.514082 
-0.566008 
0.985167 
-0.25394 
-0.773814 
0.897981 
0.0264306 
-0.919979 
0.739262 
0.304696 
-0.992858 
0.521654 
0.558689 
-0.986647 
0.262491 
0.768177 
-0.90184 
-0.0175814 
0.916473 
-0.745194 
-0.296253 
0.991763 
-0.529185 
-0.551326 
0.98805 
-0.271022 
-0.76248 
0.90563 
0.00873074 
-0.912896 
0.751067 
0.287788 
-0.990591 
0.536675 
0.54392 
-0.989376 
0.279531 
0.756724 
-0.909348 
0.000120577 
0.909247 
-0.756881 
-0.2793 
0.989341 
-0.544122 
-0.536471 
0.990624 
-0.288019 
-0.750908 
0.912994 
-0.00897188 
-0.905527 
0.762636 
0.27079 
-0.988013 
0.551527 
0.52898 
-0.991794 
0.296484 
0.745033 
-0.91657 
0.0178225 
0.901736 
-0.768332 
-0.262258 
0.986608 
-0.558889 
-0.521448 
0.992887 
-0.304925 
-0.739099 
0.920073 
-0.0266717 
-0.897875 
0.773967 
0.253707 
-0.985126 
0.566207 
0.513875 
-0.993902 
0.313343 
0.733108 
-0.923505 
0.0355188 
0.893943 
-0.779542 
-0.245135 
0.983566 
-0.573481 
-0.506262 
0.994839 
-0.321737 
-0.72706 
0.926864 
-0.0443631 
-0.889941 
0.785055 
0.236544 
-0.981929 
0.580709 
0.498609 
-0.995698 
0.330105 
0.720954 
-0.93015 
0.053204 
0.885869 
-0.790507 
-0.227935 
0.980216 
-0.587893 
-0.490917 
0.996479 
-0.338447 
-0.714792 
0.933364 
-0.0620407 
-0.881728 
0.795897 
0.219308 
-0.978425 
0.59503 
0.483186 
-0.997182 
0.346763 
0.708574 
-0.936504 
0.0708725 
0.877518 
-0.801225 
-0.210663 
0.976558 
-0.60212 
-0.475418 
0.997807 
-0.355051 
-0.7023 
0.939571 
-0.0796988 
-0.873239 
0.80649 
0.202002 
-0.974615 
0.609164 
0.467612 
-0.998354 
0.363312 
0.695972 
-0.942565 
0.0885188 
0.868891 
-0.811691 
-0.193326 
0.972595 
-0.616159 
-0.45977 
0.998823 
-0.371544 
-0.689589 
0.945484 
-0.0973319 
-0.864476 
0.81683 
0.184634 
-0.970499 
0.623107 
0.451891 
-0.999213 
0.379747 
0.683152 
-0.94833 
0.106137 
0.859993 
-0.821904 
-0.175927 
0.968327 
-0.630005 
-0.443978 
0.999525 
-0.387921 
-0.676661 
0.951101 
-0.114935 
-0.855442 
0.826913 
0.167207 
-0.966079 
0.636854 
0.436029 
-0.999758 
0.396064 
0.670117 
-0.953798 
0.123723 
0.850824 
-0.831858 
-0.158474 
0.963755 
-0.643653 
-0.428046 
0.999914 
-0.404176 
-0.663521 
0.95642 
-0.132501 
-0.84614 
0.836738 
0.149728 
-0.961356 
0.650402 
0.42003 
-0.999991 
0.412256 
0.656873 
-0.958967 
0.141269 
0.84139 
-0.841552 
-0.140971 
0.958882 
-0.6571 
-0.411981 
0.99999 
-0.420304 
-0.650173 
0.961439 
-0.150026 
-0.836573 
0.846301 
0.132202 
-0.956332 
0.663747 
0.4039 
-0.99991 
0.428319 
0.643423 
-0.963836 
0.158771 
0.831691 
-0.850983 
-0.123424 
0.953707 
-0.670341 
-0.395787 
0.999752 
-0.4363 
-0.636622 
0.966157 
-0.167504 
-0.826744 
0.855598 
0.114635 
-0.951008 
0.676883 
0.387643 
-0.999515 
0.444248 
0.629771 
-0.968402 
0.176224 
0.821732 
-0.860146 
-0.105838 
0.948234 
-0.683372 
-0.379468 
0.999201 
-0.45216 
-0.622871 
0.970572 
-0.18493 
-0.816656 
0.864627 
0.0970319 
-0.945386 
0.689807 
0.371264 
-0.998808 
0.460037 
0.615922 
-0.972665 
0.193621 
0.811515 
-0.86904 
-0.0882186 
0.942464 
-0.696188 
-0.363031 
0.998337 
-0.467878 
-0.608924 
0.974682 
-0.202297 
-0.806311 
0.873385 
0.0793983 
-0.939468 
0.702515 
0.354769 
-0.997787 
0.475683 
0.60188 
-0.976623 
0.210958 
0.801044 
-0.877662 
-0.0705718 
0.936399 
-0.708787 
-0.34648 
0.99716 
-0.48345 
-0.594787 
0.978488 
-0.219602 
-0.795715 
0.88187 
0.0617398 
-0.933256 
0.715003 
0.338163 
-0.996454 
0.491179 
